ptbl <-
structure(list(Z = c(0, 1.64, 1.96, 2.58), Lower = c(0.5, 0.0505025834741037, 
0.0249978951482204, 0.00494001575777064), Upper = c(0.5, 0.949497416525896, 
0.97500210485178, 0.995059984242229)), .Names = c("Z", "Lower", 
"Upper"), row.names = c(NA, -4L), class = "data.frame")
